# time dt maxCall end_maxSize beg_massSize end_total_massd beg_total_massd diff_massd 
  0.000000e+00   2.250000e+01   6  19  10   1.256637e-01  1.256637e-01  1.546103e-15
  2.250000e+01   2.250000e+01   5  23  19   1.256637e-01  1.256637e-01  8.834874e-16
  4.500000e+01   2.250000e+01   4  26  23   1.256637e-01  1.256637e-01  -8.834874e-16
  6.750000e+01   2.250000e+01   4  28  26   1.256637e-01  1.256637e-01  -1.104359e-15
  9.000000e+01   2.250000e+01   4  29  28   1.256637e-01  1.256637e-01  2.208719e-16
  1.125000e+02   2.250000e+01   3  31  29   1.256637e-01  1.256637e-01  -8.834874e-16
  1.350000e+02   2.250000e+01   3  32  31   1.256637e-01  1.256637e-01  3.313078e-15
  1.575000e+02   2.250000e+01   3  34  32   1.256637e-01  1.256637e-01  -1.766975e-15
  1.800000e+02   2.250000e+01   3  35  34   1.256637e-01  1.256637e-01  -2.429590e-15
  2.025000e+02   2.250000e+01   3  36  35   1.256637e-01  1.256637e-01  1.325231e-15
  2.250000e+02   2.250000e+01   3  37  36   1.256637e-01  1.256637e-01  2.208719e-15
  2.475000e+02   2.250000e+01   3  38  37   1.256637e-01  1.256637e-01  4.417437e-16
  2.700000e+02   2.250000e+01   2  39  38   1.256637e-01  1.256637e-01  -1.546103e-15
  2.925000e+02   2.250000e+01   2  40  39   1.256637e-01  1.256637e-01  8.834874e-16
  3.150000e+02   2.250000e+01   2  41  40   1.256637e-01  1.256637e-01  -2.429590e-15
  3.375000e+02   2.250000e+01   2  42  41   1.256637e-01  1.256637e-01  4.417437e-15
  3.600000e+02   2.250000e+01   2  43  42   1.256637e-01  1.256637e-01  -6.626156e-16
  3.825000e+02   2.250000e+01   2  44  43   1.256637e-01  1.256637e-01  -2.208719e-15
  4.050000e+02   2.250000e+01   2  45  44   1.256637e-01  1.256637e-01  1.766975e-15
  4.275000e+02   2.250000e+01   2  46  45   1.256637e-01  1.256637e-01  -1.766975e-15
  4.500000e+02   2.250000e+01   2  47  46   1.256637e-01  1.256637e-01  -6.626156e-16
  4.725000e+02   2.250000e+01   2  48  47   1.256637e-01  1.256637e-01  8.834874e-16
  4.950000e+02   2.250000e+01   2  49  48   1.256637e-01  1.256637e-01  8.834874e-16
  5.175000e+02   2.250000e+01   2  50  49   1.256637e-01  1.256637e-01  -8.834874e-16
  5.400000e+02   2.250000e+01   2  51  50   1.256637e-01  1.256637e-01  -8.834874e-16
  5.625000e+02   2.250000e+01   2  52  51   1.256637e-01  1.256637e-01  3.975693e-15
  5.850000e+02   2.250000e+01   2  52  52   1.256637e-01  1.256637e-01  0.000000e+00
  6.075000e+02   2.250000e+01   2  53  52   1.256637e-01  1.256637e-01  4.417437e-16
  6.300000e+02   2.250000e+01   2  54  53   1.256637e-01  1.256637e-01  -4.196565e-15
  6.525000e+02   2.250000e+01   2  55  54   1.256637e-01  1.256637e-01  4.417437e-16
  6.750000e+02   2.250000e+01   2  56  55   1.256637e-01  1.256637e-01  1.546103e-15
  6.975000e+02   2.250000e+01   2  56  56   1.256637e-01  1.256637e-01  -3.754821e-15
  7.200000e+02   2.250000e+01   2  57  56   1.256637e-01  1.256637e-01  5.521796e-15
  7.425000e+02   2.250000e+01   2  58  57   1.256637e-01  1.256637e-01  -1.546103e-15
  7.650000e+02   2.250000e+01   2  58  58   1.256637e-01  1.256637e-01  -3.092206e-15
  7.875000e+02   2.250000e+01   2  59  58   1.256637e-01  1.256637e-01  -6.626156e-16
  8.100000e+02   2.250000e+01   2  60  59   1.256637e-01  1.256637e-01  1.766975e-15
  8.325000e+02   2.250000e+01   2  60  60   1.256637e-01  1.256637e-01  2.208719e-15
  8.550000e+02   2.250000e+01   2  61  60   1.256637e-01  1.256637e-01  -4.417437e-15
  8.775000e+02   2.250000e+01   2  62  61   1.256637e-01  1.256637e-01  4.638309e-15
  9.000000e+02   2.250000e+01   2  62  62   1.256637e-01  1.256637e-01  -1.325231e-15
  9.225000e+02   2.250000e+01   2  63  62   1.256637e-01  1.256637e-01  8.834874e-16
  9.450000e+02   2.250000e+01   2  63  63   1.256637e-01  1.256637e-01  -2.871334e-15
  9.675000e+02   2.250000e+01   2  64  63   1.256637e-01  1.256637e-01  6.626156e-16
  9.900000e+02   2.250000e+01   2  64  64   1.256637e-01  1.256637e-01  4.417437e-16
  1.012500e+03   2.250000e+01   2  65  64   1.256637e-01  1.256637e-01  -2.208719e-16
  1.035000e+03   2.250000e+01   2  65  65   1.256637e-01  1.256637e-01  -4.417437e-16
  1.057500e+03   2.250000e+01   2  66  65   1.256637e-01  1.256637e-01  3.313078e-15
  1.080000e+03   2.250000e+01   2  66  66   1.256637e-01  1.256637e-01  -2.429590e-15
  1.102500e+03   2.250000e+01   2  67  66   1.256637e-01  1.256637e-01  2.208719e-15
  1.125000e+03   2.250000e+01   2  67  67   1.256637e-01  1.256637e-01  -3.975693e-15
  1.147500e+03   2.250000e+01   2  68  67   1.256637e-01  1.256637e-01  2.208719e-16
  1.170000e+03   2.250000e+01   2  68  68   1.256637e-01  1.256637e-01  2.650462e-15
  1.192500e+03   2.250000e+01   2  69  68   1.256637e-01  1.256637e-01  -4.417437e-16
  1.215000e+03   2.250000e+01   2  69  69   1.256637e-01  1.256637e-01  -2.871334e-15
  1.237500e+03   2.250000e+01   2  70  69   1.256637e-01  1.256637e-01  2.650462e-15
  1.260000e+03   2.250000e+01   2  70  70   1.256637e-01  1.256637e-01  -1.546103e-15
  1.282500e+03   2.250000e+01   2  71  70   1.256637e-01  1.256637e-01  -6.626156e-16
  1.305000e+03   2.250000e+01   2  71  71   1.256637e-01  1.256637e-01  2.429590e-15
  1.327500e+03   2.250000e+01   2  72  71   1.256637e-01  1.256637e-01  2.429590e-15
  1.350000e+03   2.250000e+01   2  72  72   1.256637e-01  1.256637e-01  -5.300924e-15
  1.372500e+03   2.250000e+01   2  73  72   1.256637e-01  1.256637e-01  6.626156e-16
  1.395000e+03   2.250000e+01   2  73  73   1.256637e-01  1.256637e-01  1.987847e-15
  1.417500e+03   2.250000e+01   2  74  73   1.256637e-01  1.256637e-01  -2.429590e-15
  1.440000e+03   2.250000e+01   2  74  74   1.256637e-01  1.256637e-01  3.754821e-15
  1.462500e+03   2.250000e+01   2  75  74   1.256637e-01  1.256637e-01  1.987847e-15
  1.485000e+03   2.250000e+01   2  75  75   1.256637e-01  1.256637e-01  -2.208719e-16
  1.507500e+03   2.250000e+01   2  76  75   1.256637e-01  1.256637e-01  -6.626156e-15
  1.530000e+03   2.250000e+01   2  76  76   1.256637e-01  1.256637e-01  3.533950e-15
  1.552500e+03   2.250000e+01   2  77  76   1.256637e-01  1.256637e-01  2.429590e-15
  1.575000e+03   2.250000e+01   2  77  77   1.256637e-01  1.256637e-01  2.208719e-16
  1.597500e+03   2.250000e+01   2  78  77   1.256637e-01  1.256637e-01  -1.987847e-15
  1.620000e+03   2.250000e+01   2  78  78   1.256637e-01  1.256637e-01  0.000000e+00
  1.642500e+03   2.250000e+01   2  79  78   1.256637e-01  1.256637e-01  -1.104359e-15
  1.665000e+03   2.250000e+01   2  80  79   1.256637e-01  1.256637e-01  4.417437e-16
  1.687500e+03   2.250000e+01   2  80  80   1.256637e-01  1.256637e-01  1.325231e-15
  1.710000e+03   2.250000e+01   2  81  80   1.256637e-01  1.256637e-01  1.546103e-15
  1.732500e+03   2.250000e+01   2  82  81   1.256637e-01  1.256637e-01  -2.429590e-15
  1.755000e+03   2.250000e+01   2  82  82   1.256637e-01  1.256637e-01  2.871334e-15
  1.777500e+03   2.250000e+01   2  83  82   1.256637e-01  1.256637e-01  -8.834874e-16
  1.800000e+03   2.250000e+01   2  84  83   1.256637e-01  1.256637e-01  2.208719e-15
  1.822500e+03   2.250000e+01   2  84  84   1.256637e-01  1.256637e-01  -4.417437e-15
  1.845000e+03   2.250000e+01   2  85  84   1.256637e-01  1.256637e-01  1.987847e-15
  1.867500e+03   2.250000e+01   2  86  85   1.256637e-01  1.256637e-01  -2.871334e-15
  1.890000e+03   2.250000e+01   2  87  86   1.256637e-01  1.256637e-01  0.000000e+00
  1.912500e+03   2.250000e+01   2  87  87   1.256637e-01  1.256637e-01  2.650462e-15
  1.935000e+03   2.250000e+01   2  88  87   1.256637e-01  1.256637e-01  3.092206e-15
  1.957500e+03   2.250000e+01   2  89  88   1.256637e-01  1.256637e-01  -1.546103e-15
  1.980000e+03   2.250000e+01   2  89  89   1.256637e-01  1.256637e-01  3.798996e-14
  2.002500e+03   2.250000e+01   2  90  89   1.256637e-01  1.256637e-01  1.201543e-13
  2.025000e+03   2.250000e+01   1  90  90   1.256637e-01  1.256637e-01  3.361670e-13
  2.047500e+03   2.250000e+01   1  90  90   1.256637e-01  1.256637e-01  7.776898e-13
  2.070000e+03   2.250000e+01   1  91  90   1.256637e-01  1.256637e-01  1.454220e-12
  2.092500e+03   2.250000e+01   1  91  91   1.256637e-01  1.256637e-01  2.226388e-12
  2.115000e+03   2.250000e+01   1  91  91   1.256637e-01  1.256637e-01  2.981549e-12
  2.137500e+03   2.250000e+01   1  92  91   1.256637e-01  1.256637e-01  3.563767e-12
  2.160000e+03   2.250000e+01   1  92  92   1.256637e-01  1.256637e-01  3.906560e-12
  2.182500e+03   2.250000e+01   1  92  92   1.256637e-01  1.256637e-01  4.043280e-12
  2.205000e+03   2.250000e+01   1  93  92   1.256637e-01  1.256637e-01  3.997560e-12
  2.227500e+03   2.250000e+01   1  93  93   1.256637e-01  1.256637e-01  3.827488e-12
  2.250000e+03   2.250000e+01   1  93  93   1.256637e-01  1.256637e-01  3.559129e-12
  2.272500e+03   2.250000e+01   1  94  93   1.256637e-01  1.256637e-01  3.277959e-12
  2.295000e+03   2.250000e+01   1  94  94   1.256637e-01  1.256637e-01  2.964321e-12
  2.317500e+03   2.250000e+01   1  94  94   1.256637e-01  1.256637e-01  2.657530e-12
  2.340000e+03   2.250000e+01   1  94  94   1.256637e-01  1.256637e-01  2.377906e-12
  2.362500e+03   2.250000e+01   1  94  94   1.256637e-01  1.256637e-01  2.121695e-12
  2.385000e+03   2.250000e+01   1  95  94   1.256637e-01  1.256637e-01  1.889780e-12
  2.407500e+03   2.250000e+01   1  95  95   1.256637e-01  1.256637e-01  1.690332e-12
  2.430000e+03   2.250000e+01   1  95  95   1.256637e-01  1.256637e-01  1.511205e-12
  2.452500e+03   2.250000e+01   1  95  95   1.256637e-01  1.256637e-01  1.368743e-12
  2.475000e+03   2.250000e+01   1  95  95   1.256637e-01  1.256637e-01  1.234011e-12
  2.497500e+03   2.250000e+01   1  95  95   1.256637e-01  1.256637e-01  1.129980e-12
  2.520000e+03   2.250000e+01   1  95  95   1.256637e-01  1.256637e-01  1.038539e-12
  2.542500e+03   2.250000e+01   1  96  95   1.256637e-01  1.256637e-01  9.621178e-13
  2.565000e+03   2.250000e+01   1  96  96   1.256637e-01  1.256637e-01  8.967397e-13
  2.587500e+03   2.250000e+01   1  96  96   1.256637e-01  1.256637e-01  8.432887e-13
  2.610000e+03   2.250000e+01   1  96  96   1.256637e-01  1.256637e-01  8.006605e-13
  2.632500e+03   2.250000e+01   1  96  96   1.256637e-01  1.256637e-01  7.673088e-13
  2.655000e+03   2.250000e+01   1  96  96   1.256637e-01  1.256637e-01  7.388163e-13
  2.677500e+03   2.250000e+01   1  96  96   1.256637e-01  1.256637e-01  7.134161e-13
  2.700000e+03   2.250000e+01   1  96  96   1.256637e-01  1.256637e-01  6.913289e-13
  2.722500e+03   2.250000e+01   1  96  96   1.256637e-01  1.256637e-01  6.796227e-13
  2.745000e+03   2.250000e+01   1  96  96   1.256637e-01  1.256637e-01  6.544433e-13
  2.767500e+03   2.250000e+01   1  96  96   1.256637e-01  1.256637e-01  6.573146e-13
  2.790000e+03   2.250000e+01   1  96  96   1.256637e-01  1.256637e-01  6.330187e-13
  2.812500e+03   2.250000e+01   1  96  96   1.256637e-01  1.256637e-01  6.323561e-13
  2.835000e+03   2.250000e+01   1  97  96   1.256637e-01  1.256637e-01  6.208708e-13
  2.857500e+03   2.250000e+01   1  97  97   1.256637e-01  1.256637e-01  6.115942e-13
  2.880000e+03   2.250000e+01   1  97  97   1.256637e-01  1.256637e-01  6.065141e-13
  2.902500e+03   2.250000e+01   1  97  97   1.256637e-01  1.256637e-01  5.979001e-13
  2.925000e+03   2.250000e+01   1  97  97   1.256637e-01  1.256637e-01  5.925992e-13
  2.947500e+03   2.250000e+01   1  97  97   1.256637e-01  1.256637e-01  5.806721e-13
  2.970000e+03   2.250000e+01   1  97  97   1.256637e-01  1.256637e-01  5.744877e-13
  2.992500e+03   2.250000e+01   1  97  97   1.256637e-01  1.256637e-01  5.627815e-13
  3.015000e+03   2.250000e+01   1  97  97   1.256637e-01  1.256637e-01  5.588058e-13
  3.037500e+03   2.250000e+01   1  97  97   1.256637e-01  1.256637e-01  5.495292e-13
  3.060000e+03   2.250000e+01   1  97  97   1.256637e-01  1.256637e-01  5.389273e-13
  3.082500e+03   2.250000e+01   1  97  97   1.256637e-01  1.256637e-01  5.345099e-13
  3.105000e+03   2.250000e+01   1  97  97   1.256637e-01  1.256637e-01  5.236872e-13
  3.127500e+03   2.250000e+01   1  97  97   1.256637e-01  1.256637e-01  5.168401e-13
  3.150000e+03   2.250000e+01   1  97  97   1.256637e-01  1.256637e-01  5.097722e-13
  3.172500e+03   2.250000e+01   1  97  97   1.256637e-01  1.256637e-01  4.885685e-13
  3.195000e+03   2.250000e+01   1  97  97   1.256637e-01  1.256637e-01  4.974034e-13
  3.217500e+03   2.250000e+01   1  97  97   1.256637e-01  1.256637e-01  4.810589e-13
  3.240000e+03   2.250000e+01   1  97  97   1.256637e-01  1.256637e-01  4.803963e-13
  3.262500e+03   2.250000e+01   1  97  97   1.256637e-01  1.256637e-01  4.682483e-13
  3.285000e+03   2.250000e+01   1  97  97   1.256637e-01  1.256637e-01  4.605178e-13
  3.307500e+03   2.250000e+01   1  97  97   1.256637e-01  1.256637e-01  4.647144e-13
  3.330000e+03   2.250000e+01   1  97  97   1.256637e-01  1.256637e-01  4.439524e-13
  3.352500e+03   2.250000e+01   1  97  97   1.256637e-01  1.256637e-01  4.488116e-13
  3.375000e+03   2.250000e+01   1  97  97   1.256637e-01  1.256637e-01  4.373263e-13
  3.397500e+03   2.250000e+01   1  97  97   1.256637e-01  1.256637e-01  4.368845e-13
  3.420000e+03   2.250000e+01   1  97  97   1.256637e-01  1.256637e-01  4.260618e-13
  3.442500e+03   2.250000e+01   1  97  97   1.256637e-01  1.256637e-01  4.227487e-13
  3.465000e+03   2.250000e+01   1  97  97   1.256637e-01  1.256637e-01  4.223070e-13
  3.487500e+03   2.250000e+01   1  97  97   1.256637e-01  1.256637e-01  4.174478e-13
  3.510000e+03   2.250000e+01   1  97  97   1.256637e-01  1.256637e-01  4.097173e-13
  3.532500e+03   2.250000e+01   1  98  97   1.256637e-01  1.256637e-01  4.064042e-13
  3.555000e+03   2.250000e+01   1  98  98   1.256637e-01  1.256637e-01  4.136930e-13
  3.577500e+03   2.250000e+01   1  98  98   1.256637e-01  1.256637e-01  3.966858e-13
  3.600000e+03   2.250000e+01   1  98  98   1.256637e-01  1.256637e-01  4.066251e-13
  3.622500e+03   2.250000e+01   1  98  98   1.256637e-01  1.256637e-01  3.982320e-13
  3.645000e+03   2.250000e+01   1  98  98   1.256637e-01  1.256637e-01  3.988946e-13
  3.667500e+03   2.250000e+01   1  98  98   1.256637e-01  1.256637e-01  3.913849e-13
  3.690000e+03   2.250000e+01   1  98  98   1.256637e-01  1.256637e-01  3.865257e-13
  3.712500e+03   2.250000e+01   1  98  98   1.256637e-01  1.256637e-01  3.885136e-13
  3.735000e+03   2.250000e+01   1  98  98   1.256637e-01  1.256637e-01  3.860840e-13
